Sample File	C:\Users\ARG\Desktop\Kevin\20211111_GFGdilution.S80
Classifier Model	3071
DMA Model	3081
DMA Inner Radius(cm)	0.00937
DMA Outer Radius(cm)	0.01961
DMA Characteristic Length(cm)	0.44369
CPC Model	3775 Low Flow
Reference Gas Viscosity (Pa*s)	1.83245e-005
Reference Mean Free Path (m)	6.73e-008
Reference Gas Temperature (K)	296.15
Reference Gas Pressure (kPa)	101.3
Channels/Decade	64
Multiple Charge Correction	FALSE
Nanoparticle Aggregate Mobility Analysis	FALSE
Diffusion Correction	FALSE
Units	dw/dlogDp
Weight	Number
Sample #	Date	Start Time	Sample Temp (C)	Sample Pressure (kPa)	Mean Free Path (m)	Gas Viscosity (Pa*s)	Diameter Midpoint	 14.6	 15.1	 15.7	 16.3	 16.8	 17.5	 18.1	 18.8	 19.5	 20.2	 20.9	 21.7	 22.5	 23.3	 24.1	 25.0	 25.9	 26.9	 27.9	 28.9	 30.0	 31.1	 32.2	 33.4	 34.6	 35.9	 37.2	 38.5	 40.0	 41.4	 42.9	 44.5	 46.1	 47.8	 49.6	 51.4	 53.3	 55.2	 57.3	 59.4	 61.5	 63.8	 66.1	 68.5	 71.0	 73.7	 76.4	 79.1	 82.0	 85.1	 88.2	 91.4	 94.7	 98.2	101.8	105.5	109.4	113.4	117.6	121.9	126.3	131.0	135.8	140.7	145.9	151.2	156.8	162.5	168.5	174.7	181.1	187.7	194.6	201.7	209.1	216.7	224.7	232.9	241.4	250.3	259.5	269.0	278.8	289.0	299.6	310.6	322.0	333.8	346.0	358.7	371.8	385.4	399.5	414.2	429.4	445.1	461.4	478.3	495.8	514.0	532.8	552.3	572.5	593.5	615.3	637.8	661.2	Scan Up Time(s)	Retrace Time(s)	Down Scan First	Scans Per Sample	Impactor Type(cm)	Sheath Flow(lpm)	Aerosol Flow(lpm)	CPC Inlet Flow(lpm)	CPC Sample Flow(lpm)	Low Voltage	High Voltage	Lower Size(nm)	Upper Size(nm)	Density(g/cc)	Title	Status Flag	td(s)	tf(s)	D50(nm)	Median(nm)	Mean(nm)	Geo. Mean(nm)	Mode(nm)	Geo. Std. Dev.	Total Conc.(#/cmł)	Comment
1	11/11/21	12:35:38						490.355	0	113.691	115.516	205.444	101.884	0	189.934	0	0	0	0	0	77.595	74.8261	0	0	0	66.2814	0	0	0	0	0	0	0	0	0	0	0	0	0	0	0	39.0838	93.2407	0	42.3926	41.6858	0	0	0	39.0768	38.6714	152.323	6.92747	67.7762	36.9462	0	36.2255	0	35.6998	85.079	56.7477	70.3649	35.0129	34.8448	69.6773	34.6719	173.327	220.622	229.9	319.104	166.67	104.862	104.841	140.412	73.5582	140.107	102.986	110.514	145.005	254.936	183.842	111.373	135.417	202.444	486.876	283.66	238.977	264.802	290.828	222.183	323.595	325.978	125.817	172.952	346.868	288.403	255.332	92.2781	235.006	237.958	97.021	0	50.122	153.432	261.045	202.492	225.815	0	0	56.952	57.8277	0	47.6825	134.914	120	120	FALSE	1	None	3	0.3	0.3	0.3	10.2268	9581.11	14.3301	673.17	0.9		Normal Scan	6.03333	7.52082	1000	229.715	231.988	163.095	14.5902	2.78344	169.542	
2	11/11/21	12:39:41						0	0	0	0	0	0	0	0	0	0	0	0	0	0	0	0	0	0	0	0	0	60.9267	0	0	0	0	0	0	0	49.678	0	0	0	0	0	0	43.1235	0	0	41.0018	0	39.6983	39.0768	0	0	113.086	74.6342	65.8683	44.5277	0	155.332	96.0625	0	83.2125	198.649	0	0	34.8387	34.6719	34.6655	0	69.3047	103.937	69.5983	34.954	69.8937	105.309	38.2978	138.625	142.996	71.8244	0	109.258	73.537	0	172.904	240.302	192.716	271.753	78.4398	237.759	246.62	257.737	104.997	210.201	127.528	129.714	170.898	94.1461	0	92.2781	94.0024	142.775	136.548	104.417	53.8462	0	100.685	3.78536	0	109.745	55.6842	113.904	115.655	12.4935	215.324	12.6655	120	120	FALSE	1	None	3	0.3	0.3	0.3	10.2268	9581.11	14.3301	673.17	0.9		Normal Scan	6.03333	7.52082	1000	244.387	266.272	221.489	241.442	1.91056	95.8767	
3	11/11/21	12:43:41						0	0	0	0	0	0	0	0	0	0	0	0	0	0	0	0	0	0	0	0	0	0	0	0	0	0	0	0	35.4578	15.1559	0	0	0	0	44.6627	0	43.1235	0	112.678	53.1781	40.3397	0	39.0768	77.3428	152.323	157.708	105.093	36.9462	36.9244	35.8869	0	35.6998	71.0517	35.3534	0	0	0	34.8387	34.6719	34.6655	103.977	138.609	69.2912	90.0304	154.247	244.628	74.1541	172.336	180.059	208.737	182.338	16.5904	137.098	65.3724	74.2489	112.462	75.7158	0	38.8218	117.66	118.879	120.771	100.124	22.293	126.121	127.528	172.952	175.97	89.0153	90.6169	138.417	66.6731	122.856	0	148.398	150.366	0	100.685	56.727	54.0849	25.7867	196.569	113.904	0	0	0	0	120	120	FALSE	1	None	3	0.3	0.3	0.3	10.2268	9581.11	14.3301	673.17	0.9		Normal Scan	6.03333	7.52082	1000	192.989	238.327	195.072	151.247	1.94104	90.7389	
4	11/11/21	12:51:52						0	0	0	0	0	0	0	0	0	88.6151	171.203	248.357	160.298	239.729	217.782	145.329	211.873	480.864	536.573	332.654	570.265	616.21	421.997	312.1	563.702	547.328	482.084	819.583	1053.86	837.907	819.033	1460.51	1197.67	1215.36	1551.77	845.384	1254.54	1650.39	1784.99	1440.76	1885.96	1794.73	1545.8	2491.67	1875.23	2197.35	2491.74	2954.69	3204.44	3505.83	2969.68	3156.57	2711.25	4135.57	4155.86	4474.36	4055.8	4538.47	4185.63	3933.69	4096.46	3919.92	4061.08	4592.42	4469.43	3790.93	4176.78	3991.92	3287.27	3383.31	3518.19	2702.64	3659.29	3121.86	2777.43	2155.8	2284.71	2269.55	1734.7	2138.82	1592.13	1719.01	1426.14	1328.51	1379.34	2068.25	827.322	1034.24	688.138	407.776	334.971	383.459	469.921	443.961	172.205	454.822	102.288	469.88	370.592	54.0849	135.532	196.569	170.856	0	234.925	180.435	61.1242	120	120	FALSE	1	None	3	0.3	0.3	0.3	10.2268	9581.11	14.3301	673.17	0.9		Normal Scan	6.03333	7.52082	1000	123.164	142.927	119.943	140.746	1.83071	2615.34	
5	11/11/21	12:55:55						0	0	0	0	0	0	0	0	0	90.4383	110.173	57.3193	147.682	89.8086	248.568	412.594	211.873	137.39	211.488	698.047	124.881	426.487	1011.23	595.269	585.748	713.196	1741.49	649.98	1415.35	1100.55	1096.62	867.716	856.497	1066.91	1272.64	944.106	1661.23	1882.4	2252.1	1301.61	1958.19	1483.84	2264.18	2280.55	2668.97	2396.86	2073.28	2328.23	2488.34	3067.42	2918.67	3292.36	3062.31	3395.72	3513.77	3971.35	4322.31	3902.2	3327.68	3822.51	4176.78	4571.8	3792.35	3902.21	4351.85	4096	3367.12	4149.08	4052.8	3629.52	4104.96	3626.21	3153.64	3281.83	2860.92	3314.52	2270.83	2531.44	2614.31	2211	1359.97	1891.35	1617.1	1537.12	1529.53	1206.32	968.338	434.204	794.214	772.511	575.854	853.471	534.347	347.749	256.491	249.635	356.078	211.821	105.883	162.255	164.618	55.6842	227.808	57.8277	129.956	47.3509	0	120	120	FALSE	1	None	3	0.3	0.3	0.3	10.2268	9581.11	14.3301	673.17	0.9		Normal Scan	6.03333	7.52082	1000	126.284	143.538	120.383	130.975	1.84186	2641.04	
6	11/11/21	12:59:55						0	0	113.691	0	0	0	0	0	91.7369	718.037	13977	64575.5	163780	322930	574849	924277	1.41824e+006	2.16285e+006	3.01136e+006	4.09129e+006	5.58146e+006	7.36608e+006	9.49889e+006	1.22182e+007	1.50719e+007	1.86844e+007	2.36632e+007	2.84754e+007	3.36615e+007	4.10139e+007	4.89309e+007	5.36158e+007	5.93935e+007	6.37071e+007	7.1847e+007	7.63436e+007	8.11437e+007	8.42871e+007	8.73148e+007	8.99108e+007	8.99284e+007	8.88725e+007	8.81454e+007	8.43081e+007	8.06729e+007	7.76872e+007	7.44642e+007	6.80306e+007	6.31902e+007	5.67268e+007	5.02682e+007	4.36071e+007	3.77224e+007	3.22031e+007	2.67346e+007	2.26707e+007	1.91138e+007	1.62544e+007	1.36501e+007	1.13189e+007	8.26246e+006	6.80915e+006	5.59769e+006	4.65858e+006	3.86086e+006	3.17899e+006	2.63872e+006	2.183e+006	1.85809e+006	1.55948e+006	1.31413e+006	1.10367e+006	951029	810213	691286	588501	516094	450322	387431	335327	291505	259972	232155	211904	195973	183105	164197	154712	146783	144102	132389	131231	123045	119866	118344	115886	111619	110425	108037	110001	108574	109118	106221	106278	109005	104413	107593	120	120	FALSE	1	None	3	0.3	0.3	0.3	10.2268	9581.11	14.3301	673.17	0.9		Normal Scan	6.03333	7.52082	1000	62.5662	67.2907	63.3097	61.5265	1.39908	3.15894e+007	
7	11/11/21	14:42:36						0	0	0	0	0	0	0	0	0	0	0	165.571	320.596	77.595	323.394	233.792	244.406	470.793	1010.26	268.075	109.489	121.853	178.453	0	0	54.7328	107.13	0	102.049	49.678	0	47.4837	46.6006	45.4738	44.6627	87.7595	0	2.0408	81.3647	164.007	121.019	0	0	0	0	113.086	37.3171	110.839	146.33	187.84	173.556	178.499	177.629	70.7068	114.509	96.1207	69.6896	174.193	138.688	34.6655	151.304	125.943	145.876	201.469	166.969	250.78	247.375	144.079	209.464	107.247	143.649	250.689	189.226	216.529	111.373	149.95	151.432	114.708	116.465	39.2199	79.2529	161.028	40.6861	82.7038	0	85.0188	0	38.9211	21.3571	164.715	92.2781	94.0024	95.1832	48.5105	0	0	50.1692	53.2039	0	0	54.8726	0	113.904	57.8277	0	0	61.1242	120	120	FALSE	1	None	3	0.3	0.3	0.3	10.2268	9581.11	14.3301	673.17	0.9		Normal Scan	6.03333	7.52082	1000	93.8301	131.372	84.5173	27.8813	2.62621	170.788	
8	11/11/21	14:46:40						0	0	0	0	0	0	0	0	0	0	0	0	0	0	0	0	0	63.6594	4.85861	0	62.4406	0	0	0	0	0	53.5648	52.0837	51.0244	49.678	172.202	164.529	93.2011	90.9477	89.3254	87.7595	0	0	41.6858	0	36.3529	43.6217	0	38.6714	0	0	149.268	168.683	162.22	72.451	36.0469	84.9476	22.0438	70.7068	105.547	70.0258	0	139.355	138.688	277.324	103.977	103.957	111.231	166.67	166.969	144.292	79.4381	311.394	177.096	35.7489	143.649	108.754	72.8389	110.305	111.373	210.392	90.3925	0	77.6436	139.099	97.2182	120.771	40.6861	165.408	0	85.0188	86.476	165.827	70.9955	74.0985	92.2781	94.0024	0	145.531	0	100.244	100.338	50.466	3.78536	0	0	55.6842	56.952	34.2224	141.437	47.6825	12.6655	120	120	FALSE	1	None	3	0.3	0.3	0.3	10.2268	9581.11	14.3301	673.17	0.9		Normal Scan	6.03333	7.52082	1000	154.724	196.213	149.744	162.531	2.1425	109.374	
9	11/11/21	14:50:40						0	0	0	0	0	0	0	0	0	0	0	0	0	0	0	0	0	0	0	64.5787	0	0	0	0	0	0	0	0	0	49.678	0	0	0	0	0	43.8798	43.1235	42.3926	0	41.0018	40.3397	0	78.1536	0	38.0808	0	74.6342	36.9462	0.341938	42.5989	40.5121	96.0625	71.0517	70.7068	79.3261	134.506	66.333	34.8387	173.359	69.331	34.659	0	34.6456	53.2096	121.324	104.841	140.412	73.5582	244.883	71.4978	143.649	181.257	36.4194	135.602	160.081	224.925	265.005	114.708	77.6436	117.66	142.335	217.714	222.183	187.701	168.161	85.0188	86.476	170.898	65.8648	74.0985	46.139	94.0024	30.7578	65.6694	49.4661	150.366	0	152.894	3.78536	54.0849	0	222.737	56.952	0	0	60.1451	0	120	120	FALSE	1	None	3	0.3	0.3	0.3	10.2268	9581.11	14.3301	673.17	0.9		Normal Scan	6.03333	7.52082	1000	217.063	238.657	200.428	224.679	1.86899	96.4875	
10	11/11/21	15:02:39						0	0	0	0	0	0	0	0	341.367	3585.72	35969.3	122441	259243	417048	688065	1.10767e+006	1.71615e+006	2.57869e+006	3.57738e+006	4.89975e+006	6.67319e+006	8.64688e+006	1.09456e+007	1.32759e+007	1.63444e+007	2.15423e+007	2.55808e+007	3.00497e+007	3.47268e+007	4.00156e+007	4.7816e+007	5.36346e+007	6.02418e+007	6.70736e+007	7.32674e+007	7.82699e+007	8.39026e+007	8.75467e+007	9.04286e+007	9.34498e+007	9.28611e+007	9.4337e+007	9.23323e+007	9.17871e+007	8.82517e+007	8.41838e+007	7.97702e+007	7.65898e+007	7.08517e+007	6.43315e+007	5.82059e+007	5.13802e+007	4.5013e+007	3.89336e+007	3.3133e+007	2.794e+007	2.34719e+007	1.98199e+007	1.6455e+007	1.40781e+007	1.13063e+007	8.19555e+006	6.61829e+006	5.38332e+006	4.40446e+006	3.59624e+006	2.93023e+006	2.45861e+006	2.02047e+006	1.7082e+006	1.42346e+006	1.20272e+006	1.00561e+006	848119	709083	603510	523188	443077	385998	337239	292276	260628	236639	210034	198156	174365	172058	156957	148470	143185	137536	132869	128767	125753	121062	124010	121849	117571	115290	112018	110686	109327	115894	110815	106727	108239	109979	120	120	FALSE	1	None	3	0.3	0.3	0.3	10.2268	9581.11	14.3301	673.17	0.9		Normal Scan	6.03333	7.52082	1000	63.6178	68.2618	64.144	63.7804	1.40694	3.41042e+007	
11	11/11/21	15:06:42						6124.31	4354.1	5250.17	4195.91	4875.21	5174.35	3653.1	3842.86	4084.51	5226.57	25536	111710	307072	560460	922373	1.33551e+006	1.9967e+006	3.13646e+006	4.52421e+006	6.1408e+006	7.90059e+006	1.05951e+007	1.38403e+007	1.71711e+007	2.21096e+007	2.65733e+007	3.10983e+007	3.74664e+007	4.30593e+007	5.09403e+007	5.76209e+007	6.4009e+007	7.11645e+007	7.7398e+007	8.33884e+007	8.87865e+007	9.33946e+007	9.59649e+007	9.82373e+007	9.97608e+007	9.92733e+007	9.77799e+007	9.61828e+007	9.32623e+007	8.94081e+007	8.44197e+007	8.04157e+007	7.5113e+007	6.95784e+007	6.32398e+007	5.72197e+007	5.06998e+007	4.41881e+007	3.82188e+007	3.22265e+007	2.66532e+007	2.19305e+007	1.86444e+007	1.58318e+007	1.31223e+007	1.03814e+007	7.76883e+006	6.42882e+006	5.3581e+006	4.5002e+006	3.73443e+006	3.16624e+006	2.7151e+006	2.28835e+006	1.98029e+006	1.69316e+006	1.48944e+006	1.27676e+006	1.1091e+006	973364	837829	731326	640842	563052	490728	432098	378423	338362	293702	260411	236390	214711	191739	181194	166107	151823	148451	138472	130411	128645	125436	123366	118618	112012	113910	113537	113746	109472	106393	107392	109710	108714	120	120	FALSE	1	None	3	0.3	0.3	0.3	10.2268	9581.11	14.3301	673.17	0.9		Normal Scan	6.03333	7.52082	1000	61.7854	66.7932	62.5935	59.3523	1.41475	3.65606e+007	
12	11/11/21	15:10:42						4800.42	4876.81	4758.79	3516.42	5391.68	5989.43	5217.41	4476.97	4070.94	6167.61	26742.4	105480	284242	536305	862835	1.36823e+006	2.0792e+006	3.14207e+006	4.47139e+006	6.14958e+006	8.20717e+006	1.06165e+007	1.34457e+007	1.67908e+007	2.20133e+007	2.60988e+007	3.09805e+007	3.63281e+007	4.29038e+007	5.05081e+007	5.75559e+007	6.52802e+007	7.10529e+007	7.7414e+007	8.32291e+007	8.87396e+007	9.42467e+007	9.67177e+007	9.83403e+007	9.93258e+007	9.94224e+007	9.80599e+007	9.54844e+007	9.38193e+007	9.04354e+007	8.63449e+007	8.06142e+007	7.45615e+007	6.87996e+007	6.30634e+007	5.69857e+007	5.0021e+007	4.31598e+007	3.70728e+007	3.07426e+007	2.56223e+007	2.1576e+007	1.83676e+007	1.54867e+007	1.33777e+007	9.92793e+006	7.65102e+006	6.33178e+006	5.28206e+006	4.43444e+006	3.74565e+006	3.16371e+006	2.71112e+006	2.32888e+006	1.99711e+006	1.71819e+006	1.47798e+006	1.30092e+006	1.13742e+006	978499	870747	749988	665054	585251	510786	447978	393295	350909	309832	281815	253002	227194	204637	188640	172716	157130	150782	143791	136093	131545	123815	118058	116254	115179	115904	111977	111714	103193	106688	109079	107097	106213	120	120	FALSE	1	None	3	0.3	0.3	0.3	10.2268	9581.11	14.3301	673.17	0.9		Normal Scan	6.03333	7.52082	1000	61.7378	66.7274	62.5399	61.5265	1.41375	3.64742e+007	
13	11/11/21	15:19:54						0	0	0	0	0	0	0	4745.22	61838.1	328886	1.09913e+006	1.81251e+006	2.21109e+006	2.71952e+006	3.33259e+006	4.02847e+006	4.79811e+006	5.6379e+006	6.51125e+006	7.46916e+006	8.30877e+006	9.43358e+006	1.03919e+007	1.11838e+007	1.19589e+007	1.2338e+007	1.28227e+007	1.30521e+007	1.33733e+007	1.33024e+007	1.29838e+007	1.24578e+007	1.19066e+007	1.11684e+007	1.02496e+007	9.31292e+006	8.38496e+006	7.40386e+006	6.33256e+006	5.41625e+006	4.5777e+006	3.7601e+006	3.05935e+006	2.46057e+006	1.91175e+006	1.49401e+006	1.16838e+006	906317	693823	533104	429549	348270	291969	259746	238262	229891	208942	202803	197903	200563	194135	182083	176518	177018	169616	158079	148017	139507	132240	124828	111157	97905.1	87792.8	80779	72279.5	64203.7	60950.4	53376	48322.1	49077.5	42656.2	39293.4	35306.3	30811.1	28652.6	25297.5	20525.9	17325.6	16876.9	15793.2	15117.7	12690.4	12272.4	11534	10429.8	8789.33	8492.21	7280.32	7318.19	7140.72	5713.28	5718.73	5332.98	5139.5	5173.91	5333.94	4980.79	120	120	FALSE	1	None	3	0.3	0.3	0.3	10.2268	9581.11	14.3301	673.17	0.9		Normal Scan	6.03333	7.52082	1000	40.2534	43.6813	40.9473	39.9542	1.3914	4.33921e+006	
14	11/11/21	15:23:57						490.355	353.853	341.073	438.276	105.587	101.884	98.3043	457.708	14018.8	126611	565600	1.43927e+006	1.96518e+006	2.4721e+006	3.07317e+006	3.74028e+006	4.53112e+006	5.41545e+006	6.27244e+006	7.31542e+006	8.32849e+006	9.30551e+006	1.03022e+007	1.11098e+007	1.20732e+007	1.26917e+007	1.3315e+007	1.36661e+007	1.39627e+007	1.40413e+007	1.39598e+007	1.36394e+007	1.31306e+007	1.24946e+007	1.17048e+007	1.07538e+007	9.68637e+006	8.61817e+006	7.49794e+006	6.46911e+006	5.47977e+006	4.53553e+006	3.74111e+006	3.02228e+006	2.38622e+006	1.87845e+006	1.45109e+006	1.12044e+006	856516	649034	509247	391224	305567	238615	190174	155606	127863	111512	90776.9	74649.4	69776.9	64060.4	58278.6	61265.4	56495.9	51315.8	53690.9	47424.3	45866.7	42478.4	39532.6	38858.8	38149.5	38401.8	33803.2	35083.8	31706	29084.1	25842.9	25278.8	23488.6	21565.3	20160.5	16876.9	15653.9	15258.3	14154.8	13281.1	12843.4	10655	11751.3	11944.9	9838.82	8532.56	9031.92	8022.42	7936.53	5550.76	6580.73	6222.82	5895.52	5550.64	5037.49	5720.14	5273.12	4609.55	5500.62	120	120	FALSE	1	None	3	0.3	0.3	0.3	10.2268	9581.11	14.3301	673.17	0.9		Normal Scan	6.03333	7.52082	1000	41.1529	43.7317	41.4928	41.4178	1.35864	4.5652e+006	
15	11/11/21	15:27:57						423.97	117.951	0	0	527.936	101.884	98.3043	474.835	14042.8	120734	554224	1.35124e+006	1.85659e+006	2.32363e+006	2.88418e+006	3.55192e+006	4.36034e+006	5.22828e+006	6.22231e+006	7.16629e+006	8.09986e+006	9.11629e+006	1.02593e+007	1.11303e+007	1.20543e+007	1.26893e+007	1.3377e+007	1.36348e+007	1.3918e+007	1.40461e+007	1.39658e+007	1.34579e+007	1.29134e+007	1.21649e+007	1.13132e+007	1.04702e+007	9.43494e+006	8.33246e+006	7.31424e+006	6.2769e+006	5.31163e+006	4.41127e+006	3.60511e+006	2.93802e+006	2.31837e+006	1.81279e+006	1.45046e+006	1.13246e+006	873314	670107	517355	403721	323032	250557	200059	161657	133301	107347	90386.2	72474.2	61991	52817	43583.6	41647.7	39625.3	35982.3	31061.4	29812.3	26997.6	26688.3	24788.6	23337.4	23918.3	19820	18185	19637.4	18803.2	18883.8	18143.5	16627.3	15222.9	14091.7	14189.1	14081.7	12813.7	12470.4	11976.1	10636.9	10095.3	10521.6	8962.49	8511.66	8658.91	6935.84	7199.84	6477.42	7158.46	6320.95	6561.48	5642.93	5500.01	5898.56	5223.14	4152.3	4264.22	4618.85	3924.06	120	120	FALSE	1	None	3	0.3	0.3	0.3	10.2268	9581.11	14.3301	673.17	0.9		Normal Scan	6.03333	7.52082	1000	41.0777	43.5486	41.4289	41.4178	1.35114	4.4877e+006	
16	11/11/21	15:35:00						0	0	0	0	0	0	0	0	91.7369	1779.6	7756.27	22648.5	73842.2	150874	294616	547303	969195	1.60483e+006	2.77569e+006	3.5852e+006	3.98079e+006	5.03396e+006	6.86018e+006	9.13483e+006	1.1604e+007	1.43828e+007	1.89414e+007	2.3281e+007	2.75663e+007	3.21327e+007	3.86126e+007	4.46685e+007	5.12965e+007	5.56068e+007	6.13908e+007	6.75377e+007	7.2831e+007	7.77201e+007	7.98542e+007	8.31394e+007	8.5364e+007	8.64441e+007	8.64185e+007	8.69921e+007	8.50902e+007	8.32466e+007	8.01325e+007	7.57416e+007	7.14002e+007	6.64452e+007	6.07751e+007	5.34631e+007	4.78965e+007	4.23433e+007	3.69632e+007	3.16918e+007	2.67431e+007	2.28483e+007	1.91264e+007	1.63629e+007	1.42307e+007	1.1706e+007	8.66724e+006	7.18211e+006	5.97198e+006	4.93555e+006	4.12248e+006	3.41759e+006	2.78562e+006	2.32342e+006	1.89041e+006	1.55736e+006	1.27884e+006	1.05989e+006	892087	756508	633267	529580	455054	394464	339912	299805	265888	238499	213857	192500	174633	162936	152868	148233	137449	138665	132595	127646	125331	127499	120143	120271	116174	118917	110759	112108	114847	112158	115688	116198	116729	120	120	FALSE	1	None	3	0.3	0.3	0.3	10.2268	9581.11	14.3301	673.17	0.9		Normal Scan	6.03333	7.52082	1000	66.3983	71.4477	67.0491	68.539	1.41138	3.18772e+007	
17	11/11/21	15:39:03						5635.95	5777.39	5897.06	5044.45	6120.33	4768.87	4316.97	4753.61	3872.48	4319.35	19520.8	86576.2	221704	395438	693998	1.16788e+006	1.72204e+006	2.5104e+006	3.63768e+006	5.09348e+006	6.80894e+006	9.04191e+006	1.19319e+007	1.50193e+007	1.99691e+007	2.43297e+007	2.8983e+007	3.4046e+007	4.06678e+007	4.62662e+007	5.25323e+007	5.84409e+007	6.55354e+007	7.29758e+007	7.80796e+007	8.41095e+007	8.85976e+007	9.28103e+007	9.5656e+007	9.68661e+007	9.70601e+007	9.78881e+007	9.65768e+007	9.48544e+007	9.27839e+007	8.9934e+007	8.46382e+007	8.1232e+007	7.45131e+007	6.84663e+007	6.26469e+007	5.51323e+007	4.8607e+007	4.2068e+007	3.55277e+007	2.96973e+007	2.5398e+007	2.15242e+007	1.80936e+007	1.5238e+007	1.27547e+007	9.97231e+006	7.66078e+006	6.38766e+006	5.29256e+006	4.39935e+006	3.68528e+006	3.12858e+006	2.64844e+006	2.25127e+006	1.89548e+006	1.6277e+006	1.40531e+006	1.23553e+006	1.07455e+006	934038	814335	716510	627500	547015	487525	422099	375017	331738	303116	266239	234463	211191	188559	177432	168465	156721	144908	136052	127659	122879	120944	117420	120922	121662	115469	118644	111637	113740	108389	113052	110994	120	120	FALSE	1	None	3	0.3	0.3	0.3	10.2268	9581.11	14.3301	673.17	0.9		Normal Scan	6.03333	7.52082	1000	63.5173	68.5593	64.2006	63.7804	1.4184	3.66302e+007	
18	11/11/21	15:43:03						5176.38	5818.65	5442.97	6467.14	5329.27	5386.74	5177.45	5077.43	3758.14	5981.26	16380.4	76336.8	204181	398028	688140	1.10064e+006	1.7532e+006	2.68802e+006	3.80398e+006	5.22996e+006	6.82593e+006	9.15812e+006	1.22284e+007	1.53961e+007	2.0344e+007	2.49209e+007	2.91067e+007	3.42213e+007	4.00238e+007	4.58385e+007	5.31707e+007	5.95513e+007	6.73841e+007	7.35866e+007	7.99292e+007	8.49311e+007	8.91787e+007	9.27788e+007	9.56328e+007	9.68023e+007	9.76733e+007	9.7012e+007	9.52529e+007	9.36611e+007	9.18391e+007	8.82897e+007	8.24987e+007	7.8495e+007	7.18481e+007	6.70223e+007	6.04268e+007	5.41976e+007	4.72441e+007	4.10697e+007	3.55185e+007	2.99344e+007	2.50414e+007	2.10843e+007	1.77089e+007	1.5431e+007	1.30418e+007	9.87846e+006	7.62503e+006	6.3658e+006	5.31874e+006	4.41994e+006	3.68574e+006	3.13906e+006	2.67005e+006	2.30979e+006	1.9689e+006	1.69359e+006	1.46719e+006	1.2715e+006	1.10541e+006	951682	825937	719717	636536	545663	477385	423838	375114	333082	287747	260968	227439	210744	189732	175850	168315	152428	146709	136231	132463	125636	125618	122568	115739	116472	111734	115499	111139	110095	109997	113230	112970	120	120	FALSE	1	None	3	0.3	0.3	0.3	10.2268	9581.11	14.3301	673.17	0.9		Normal Scan	6.03333	7.52082	1000	63.1694	68.3711	63.9883	61.5265	1.42002	3.64531e+007	
19	11/11/21	16:07:14						0	0	0	0	0	0	0	0	0	0	0	0	0	77.595	0	145.329	0	206.085	132.563	80.4982	133.18	220.59	297.421	57.6646	322.102	234.582	147.417	429.58	836.281	757.017	1070.55	2063.9	1679.75	2617.72	3425.34	4524.84	6228.77	8253.45	8968.18	10996.3	13634.1	13579.3	15829.2	19324.3	22348.8	27243.5	28681.9	34034.8	39131.5	38244.5	44257.9	45979.2	45964.8	51322.7	54823.5	61880.8	62812.3	63993.2	62919.8	68172.4	70250.9	72769	71675.8	65788.4	64349.8	61742.7	59959.6	61004.8	64813.5	67386.1	61087.3	55174.1	50624.5	47530.4	45855.3	44697.7	40251.2	35324.7	32874.8	32371.3	28014.5	24801.8	21119.2	17922.2	15950	13836.1	12617.4	10895.3	7826.51	7271.38	6057.5	4544.31	5033.41	3735.85	4096.48	3065.51	2610.43	2488.61	1972.28	1633.57	1441.01	874.823	1244.82	1001.94	1516.23	576.526	738.446	120	120	FALSE	1	None	3	0.3	0.3	0.3	10.2268	9581.11	14.3301	673.17	0.9		Normal Scan	6.03333	7.52082	1000	138.681	155.856	140.686	130.975	1.56509	34007.9	
20	11/11/21	16:11:17						122.589	0	0	0	0	0	0	0	0	0	0	82.7857	0	0	74.8261	39.1916	32.5331	0	66.2814	64.5787	0	182.78	0	115.329	0	109.466	107.13	104.167	51.0244	347.746	295.69	111.305	319.234	859.725	1181.54	977.361	1501.41	1834.95	1884.95	2418.83	3291.36	3217.86	4547.88	5257.42	7179.41	7677.95	8032.64	8394.53	9453.16	9840.61	11639.2	13676	14029.8	15051.5	16302.5	15948.3	17118.8	18348.5	18893.2	19198.1	19535.3	18382	18075.3	17511.4	18770.3	18959.6	17813.3	18764.1	18059.1	15343	14721.9	12549.1	11337.4	10412	10722.7	10591.1	9943.26	9681.68	9142.53	8888.36	7194	7142.53	6326.51	5486.51	4248.06	3919.5	3690.71	3003.1	2564.01	1685.48	1402.78	1303.6	1208.38	1035.88	886.714	751.653	413.132	514.623	527.712	442.154	300.15	431.658	272.126	381.189	212.661	227.786	122.248	120	120	FALSE	1	None	3	0.3	0.3	0.3	10.2268	9581.11	14.3301	673.17	0.9		Normal Scan	6.03333	7.52082	1000	137.304	154.588	139.658	126.346	1.56128	9138.79	
21	11/11/21	16:15:17						0	0	0	0	0	0	0	0	0	0	0	0	80.1489	0	0	0	0	0	0	0	62.4406	121.853	59.4842	0	112.74	150.217	67.2482	52.0837	51.0244	99.3561	97.4257	0	93.2011	276.719	392.578	532.038	477.512	382.515	721.571	762.386	1032.89	946.296	1309.07	1788.83	1722.9	2022.73	2460.16	3001.29	2883.83	3451.46	3919.05	2863.89	4292.23	3955.36	4768.4	4674.66	5378.69	5042.91	5542.14	6492.37	5847.59	6223.67	6852.81	7430.13	6588.59	6838.23	6693.53	6758.6	5759.98	6294	5274.05	6005.12	4852.05	5002.56	4673.31	4593.02	3604.45	3478.86	3843.48	2799.3	2638.78	2651.63	2034.48	1407.98	1379.34	1496.59	1292.41	1069.72	836.928	694.166	523.716	416.9	333.141	379.1	302.282	304.456	255.719	104.418	158.825	198.569	237.52	68.0373	158.222	57.8277	176.194	180.435	61.1242	120	120	FALSE	1	None	3	0.3	0.3	0.3	10.2268	9581.11	14.3301	673.17	0.9		Normal Scan	6.03333	7.52082	1000	144.911	159.97	144.776	140.746	1.56082	3140.21	
22	11/11/21	16:20:57						0	0	0	0	0	0	0	2016.1	36519.4	215510	710717	1.25773e+006	1.51781e+006	1.82287e+006	2.19754e+006	2.70857e+006	3.33355e+006	4.08061e+006	4.76654e+006	5.56196e+006	6.30563e+006	6.98046e+006	7.81025e+006	8.42665e+006	9.17434e+006	9.82585e+006	1.05073e+007	1.10436e+007	1.14359e+007	1.16017e+007	1.17475e+007	1.15786e+007	1.12666e+007	1.06964e+007	1.00261e+007	9.31491e+006	8.49942e+006	7.70451e+006	6.82871e+006	5.93668e+006	5.01167e+006	4.25405e+006	3.45127e+006	2.81555e+006	2.19782e+006	1.73971e+006	1.31885e+006	1.00369e+006	737070	533085	396366	288051	204824	150921	107057	80069.5	61241.6	45470.3	36300.4	29861.7	23346.1	20952.9	19567.8	16845.5	16047.9	15218	13877.3	14469.6	12312.6	12410.1	11999.3	12595.4	11859.9	10866.4	11611.5	12223.6	12274.6	10746.1	10716.8	11810	11691.4	10226.9	9568.75	9515.81	9394.02	9457.99	8832.8	9071.59	7771.74	8305.91	9087.73	6457.66	6795.98	6428.81	5005.1	5795.06	5983.15	5440.87	5149.6	4625.97	4652.67	4561.72	4051.09	4667.47	3888.24	3599.88	3402.03	120	120	FALSE	1	None	3	0.3	0.3	0.3	10.2268	9581.11	14.3301	673.17	0.9		Normal Scan	6.03333	7.52082	1000	41.9969	44.0764	42.0143	42.9351	1.3476	3.74767e+006	
23	11/11/21	16:25:00						122.589	0	227.382	328.707	148.758	544.511	220.865	211.727	13196.1	110622	472518	1.16241e+006	1.58961e+006	2.00455e+006	2.50137e+006	3.10063e+006	3.76042e+006	4.63735e+006	5.43833e+006	6.32163e+006	7.24518e+006	8.21633e+006	9.21732e+006	1.01087e+007	1.10915e+007	1.17712e+007	1.25218e+007	1.29466e+007	1.34255e+007	1.36996e+007	1.38014e+007	1.36576e+007	1.34079e+007	1.28101e+007	1.20559e+007	1.12763e+007	1.04301e+007	9.45208e+006	8.41629e+006	7.45927e+006	6.494e+006	5.51203e+006	4.63014e+006	3.81117e+006	3.06378e+006	2.45414e+006	1.95475e+006	1.51962e+006	1.17526e+006	903010	684398	517110	398915	311970	240005	183803	139218	108338	86079.4	66867.9	54084.4	43050.3	35746.3	28694.1	24601.4	21704.4	20151.7	17904.4	16961.1	14738.3	14052.7	13291.1	13897.9	14062.5	11906	12482.8	12054.3	12161.8	12124.2	11160	11756.6	11205.8	11548.1	11345.6	11441.7	10142.4	9900.61	10196.4	10146.2	9622.88	7984.67	9050.89	8443.95	7754.32	7527.81	8670.46	6909.67	7769.61	6015.6	5706.12	6581.38	5148.92	5294.63	5287.62	5229.6	4282.58	5475.29	120	120	FALSE	1	None	3	0.3	0.3	0.3	10.2268	9581.11	14.3301	673.17	0.9		Normal Scan	6.03333	7.52082	1000	42.5285	44.9356	42.7519	42.9351	1.35473	4.5157e+006	
24	11/11/21	16:29:00						367.767	353.853	227.382	438.276	316.762	203.769	393.217	228.854	12603.6	104014	472143	1.16742e+006	1.59172e+006	1.96693e+006	2.49776e+006	3.07548e+006	3.77459e+006	4.53658e+006	5.42516e+006	6.41319e+006	7.30867e+006	8.18527e+006	8.91826e+006	9.7714e+006	1.0858e+007	1.17607e+007	1.22993e+007	1.27358e+007	1.29863e+007	1.34345e+007	1.37045e+007	1.36628e+007	1.32943e+007	1.26795e+007	1.20737e+007	1.13763e+007	1.05449e+007	9.60472e+006	8.63876e+006	7.61476e+006	6.54887e+006	5.5705e+006	4.69204e+006	3.86632e+006	3.17348e+006	2.56303e+006	2.03074e+006	1.59384e+006	1.24572e+006	974415	756614	575813	454605	349194	274219	217820	173835	140792	115547	94718.6	74426.7	59131.7	48446.7	41551.1	35088.6	28831.6	25833.4	22290.5	18028.5	18347.5	15978.5	15993	14646.5	13699.6	14245.1	13367.1	13300.3	12977.6	12852.3	13039.4	11956.1	11679	11792.6	11989.4	11516.7	10952.1	10878.6	9056.41	10311.2	9313.75	8233.36	8782.24	9291.17	8731.98	7337.24	8280.66	7320.77	7540.12	6308.51	6347.21	5420.89	6133.23	6109.1	5503.58	6940.55	4790.65	4466.47	120	120	FALSE	1	None	3	0.3	0.3	0.3	10.2268	9581.11	14.3301	673.17	0.9		Normal Scan	6.03333	7.52082	1000	42.7428	45.2251	42.9631	42.9351	1.36025	4.51006e+006	
25	11/11/21	16:36:35						0	0	0	109.569	0	0	98.3043	172.807	1631.64	6695.65	20628.8	34627.9	41753.9	52339.2	82752.5	127059	190141	296146	459244	686379	984111	1.38979e+006	1.89754e+006	2.51782e+006	3.29268e+006	4.19189e+006	5.37371e+006	6.83122e+006	8.73006e+006	1.11867e+007	1.45389e+007	1.95393e+007	2.37015e+007	2.8244e+007	3.57273e+007	4.6209e+007	5.50628e+007	6.40509e+007	7.19236e+007	7.72543e+007	8.15746e+007	8.40349e+007	8.52353e+007	8.57191e+007	8.50323e+007	8.34629e+007	8.08837e+007	7.73797e+007	7.26395e+007	6.77626e+007	6.2065e+007	5.61413e+007	5.10537e+007	4.50186e+007	3.93371e+007	3.37461e+007	2.86004e+007	2.4338e+007	2.04227e+007	1.78036e+007	1.53731e+007	1.33182e+007	1.06845e+007	7.93968e+006	6.66033e+006	5.52859e+006	4.63179e+006	3.8591e+006	3.21251e+006	2.66614e+006	2.19797e+006	1.81804e+006	1.49355e+006	1.22724e+006	1.0248e+006	848848	699418	584575	493875	421846	351876	310769	267059	233161	217926	188651	176765	158005	145902	144811	129453	128471	124886	120269	117962	114517	118099	109834	110870	108105	108215	107637	108847	111508	106755	108893	111108	120	120	FALSE	1	None	3	0.3	0.3	0.3	10.2268	9581.11	14.3301	673.17	0.9		Normal Scan	6.03333	7.52082	1000	71.4977	77.0634	73.014	68.539	1.37011	2.74332e+007	
26	11/11/21	16:40:38						4655.23	6367.15	5093.3	4462.61	4912.65	4240.87	3851.12	3986.2	3096.46	4606.26	19122.6	93471.6	232084	462454	765269	1.22623e+006	1.87105e+006	2.75648e+006	3.84104e+006	5.40825e+006	7.34845e+006	9.49478e+006	1.20435e+007	1.51457e+007	1.95413e+007	2.47631e+007	2.95419e+007	3.42389e+007	4.03504e+007	4.66301e+007	5.29251e+007	6.00197e+007	6.72241e+007	7.30058e+007	7.92414e+007	8.48183e+007	8.98294e+007	9.50013e+007	9.76029e+007	9.94317e+007	1.00092e+008	9.85764e+007	9.83217e+007	9.68005e+007	9.317e+007	8.93694e+007	8.48025e+007	8.05416e+007	7.47887e+007	6.81508e+007	6.24748e+007	5.60197e+007	4.84148e+007	4.21392e+007	3.67774e+007	3.10493e+007	2.64246e+007	2.2238e+007	1.88139e+007	1.60994e+007	1.36038e+007	1.11725e+007	7.98712e+006	6.63815e+006	5.49176e+006	4.57507e+006	3.83182e+006	3.21927e+006	2.75163e+006	2.36275e+006	2.01701e+006	1.72516e+006	1.47321e+006	1.26632e+006	1.09542e+006	945709	809747	706160	623928	553549	473546	417968	366712	317853	291236	255615	233038	209098	191349	175881	166043	148149	141260	137642	134004	128688	121697	120134	127020	121726	115606	112522	117430	108625	111218	114227	118351	120	120	FALSE	1	None	3	0.3	0.3	0.3	10.2268	9581.11	14.3301	673.17	0.9		Normal Scan	6.03333	7.52082	1000	63.4438	68.6281	64.2322	61.5265	1.42047	3.71548e+007	
27	11/11/21	16:44:38						5407.16	5643.67	5258.09	4206.12	5745.88	4801.9	4668.95	4080.57	4004.79	4813.67	20658.2	87827.1	212190	393328	715619	1.22212e+006	1.81208e+006	2.64797e+006	3.66164e+006	5.25195e+006	7.23132e+006	9.40105e+006	1.18011e+007	1.48843e+007	1.99557e+007	2.3791e+007	2.84903e+007	3.30355e+007	3.91201e+007	4.50721e+007	5.14798e+007	5.88342e+007	6.6432e+007	7.37926e+007	7.99346e+007	8.59917e+007	8.91402e+007	9.49197e+007	9.81499e+007	9.89513e+007	9.99152e+007	1.00071e+008	9.81898e+007	9.61988e+007	9.28438e+007	9.05533e+007	8.8341e+007	8.28155e+007	7.76733e+007	7.04193e+007	6.49132e+007	5.88491e+007	5.14945e+007	4.45466e+007	3.85116e+007	3.27324e+007	2.73749e+007	2.22938e+007	1.90004e+007	1.62718e+007	1.38651e+007	1.10669e+007	8.1156e+006	6.76504e+006	5.5968e+006	4.66497e+006	3.89655e+006	3.30119e+006	2.78577e+006	2.38576e+006	2.04922e+006	1.7508e+006	1.50714e+006	1.29814e+006	1.13336e+006	992340	865484	744100	645999	562450	487895	432124	374033	328966	301514	264855	238257	212359	197716	176449	166309	151229	142560	137476	133916	127128	122969	129413	120482	122168	118371	117334	122027	114013	114112	113606	114951	120	120	FALSE	1	None	3	0.3	0.3	0.3	10.2268	9581.11	14.3301	673.17	0.9		Normal Scan	6.03333	7.52082	1000	63.8676	69.032	64.6262	63.7804	1.41994	3.74792e+007	
28	11/11/21	17:00:42						0	0	0	0	0	0	0	1636.23	16763.3	74686.2	183448	262620	289150	326708	363311	430193	488524	556303	597437	660112	706965	743895	766818	781782	787339	788884	782444	758643	730779	690709	654004	596476	551520	484871	430485	386392	335721	295530	247310	218744	197149	173002	162612	151278	149332	146504	154996	159377	168138	168213	170460	168057	183148	185909	194136	198291	198804	196571	189094	179092	183115	179588	178707	173491	171581	166885	169601	157453	141697	132025	116576	106196	97613	90319.2	77293.5	71748.9	67334.9	56059.4	50749.1	46415.3	39696.7	33432.4	29784	24420.7	20375.7	17493.4	14691.4	12694.4	11926.2	10541.1	9432.3	8205.21	6598.54	5273.72	4482.95	4947.69	4196.02	3617.04	3363.28	3105.33	2916.76	3356.33	2179.6	1551.88	1813.31	1874.13	1533.06	120	120	FALSE	1	None	3	0.3	0.3	0.3	10.2268	9581.11	14.3301	673.17	0.9		Normal Scan	6.03333	7.52082	1000	40.6919	62.8432	49.4397	35.8664	1.87897	346911	
29	11/11/21	17:04:46						114.395	125.835	0	0	0	101.884	0	133.887	5786.82	35683.7	118654	235323	293281	321132	372837	440028	487838	558578	617591	670742	730012	763680	796771	823105	831171	816171	826489	803627	769260	737834	702161	621677	573893	512183	464785	398749	346559	300774	242722	196388	162960	134451	109180	90188	72426.5	62805.3	52855.4	47240.5	45865.1	45029.6	44150.6	49097.8	52454.9	55071.4	61825.3	66109.4	63756.5	64906.1	63082.1	64689.4	64919.1	65580.7	65637.4	66383.6	70929.4	70589.8	63848	58183.5	51787.7	47694.7	44772.4	43647.1	39677.2	40163.7	34840	31974.2	30790.2	26112.8	24716.7	21379.2	18759	17887.6	14386.1	12600.2	11054.9	9822.57	7477.37	7061.36	6231.16	4816.59	4640.97	4031.93	3504.05	2342.43	2570.33	1975.95	1637.68	2062.47	1229.39	1011.8	1264.96	824.796	548.758	828.458	1025.13	670.896	909.153	120	120	FALSE	1	None	3	0.3	0.3	0.3	10.2268	9581.11	14.3301	673.17	0.9		Normal Scan	6.03333	7.52082	1000	37.4066	49.0253	41.4371	34.5989	1.64386	295764	
30	11/11/21	17:08:46						122.589	0	113.691	0	0	0	0	172.807	5631.9	31480.5	119742	236456	272343	301204	356550	403774	465964	535101	598679	652920	711447	741681	792288	826642	834643	833107	837626	814810	788130	733436	696007	646819	579016	526385	461443	403057	344967	288695	236649	196752	160669	132440	98110.6	79075.2	62166.8	53262.9	39705.9	33629.4	27860.3	22934.5	19445.2	19052.8	18435.7	16143.7	15072.4	16285.8	17080.3	17516	19166	19254.9	18923.9	18905.5	19877.4	19162.7	20388.9	21621.4	22274.9	19766.6	18246.7	18019.7	16756	16714.4	13664.6	12558.2	11624.8	10624.3	9769.19	9213.42	8499.33	6512.12	6260.74	5896.45	4707.21	4358.92	4105.66	3284.6	2388.41	2206.82	2443.5	1596.84	1847.98	1408.07	1548.13	1046.21	959.986	1107.21	821.288	518.356	576.869	640.723	373.052	530.674	394.6	293.265	352.388	348.408	196.038	120	120	FALSE	1	None	3	0.3	0.3	0.3	10.2268	9581.11	14.3301	673.17	0.9		Normal Scan	6.03333	7.52082	1000	36.5907	41.8849	38.1643	37.1803	1.45397	273820	
31	11/11/21	17:22:38						0	0	0	0	0	0	0	1468.09	17874.8	71183.2	195251	275174	301091	335489	401734	465676	519092	585228	639754	694263	725002	762377	783097	811731	834207	819994	829668	805792	770028	724505	687108	629487	570570	515184	446832	389993	341249	286078	243281	196862	159604	126138	96095	75899.5	58546.5	44448.7	33688.7	24809.2	18012.9	13148.8	11009.7	7681.45	5946.1	4392.85	4457.4	2520.81	2264.01	1878.8	1649.04	1575.67	1300.55	1682.66	1528.97	1557.37	1263.8	1552.82	1176.54	1306.87	1195.01	1270.14	1404.7	1387.41	882.153	963.992	1037.14	1052.37	1191.4	623.684	800.584	497.839	453.856	649.191	664.598	500.841	572.951	459.049	576.719	557.021	594.826	552.483	349.348	369.898	268.716	211.201	247.33	199.513	255.74	310.516	312.16	117.645	109.745	167.053	113.904	57.8277	293.656	167.973	196.038	120	120	FALSE	1	None	3	0.3	0.3	0.3	10.2268	9581.11	14.3301	673.17	0.9		Normal Scan	6.03333	7.52082	1000	35.6763	37.9064	36.1255	34.5989	1.34392	271923	
32	11/11/21	17:26:41						0	0	113.691	0	105.587	0	0	228.854	6734.18	33084.9	118081	232565	266801	299774	356925	414038	469162	526565	582561	632628	683556	717603	767700	778672	803199	803163	803255	779854	745615	726934	669386	620989	574997	514364	443086	384118	338793	282038	236167	195730	161370	125459	100901	76714.8	58573.3	44954.7	32781	26388.4	17836.4	12097.3	10107.4	6877.8	6039.56	3780.24	3388.15	2546.91	1845.87	1600.09	1328.29	1648.21	1448.03	859.968	996.978	910.558	802.77	819.376	706.006	921.915	913.226	707.952	909.977	965.966	779.065	729.557	487.238	526.183	745.61	623.684	650.999	805.837	596.191	710.954	430.919	473.178	283.938	369.134	372.47	244.003	260.122	465.356	328.972	416.9	47.5916	282.079	157.559	249.635	205.571	574.298	105.883	216.339	109.745	179.406	101.27	57.8277	234.925	240.58	0	120	120	FALSE	1	None	3	0.3	0.3	0.3	10.2268	9581.11	14.3301	673.17	0.9		Normal Scan	6.03333	7.52082	1000	36.1556	38.3002	36.5916	37.1803	1.33558	258263	
33	11/11/21	17:30:41						0	0	0	0	0	0	0	0	4503.93	33501.5	111347	223340	256755	288871	337969	387715	445122	517743	546748	616055	655012	702334	735912	774412	800797	796528	785788	755863	718575	705309	646637	609234	551216	491468	445836	393061	332332	279547	231511	194801	158339	127234	97726.6	75552.8	58760	43437.1	31424.2	23485.6	17657.8	11787.7	9435.22	7245.6	4700.51	3477.31	2608.82	2598.24	2100.19	1519.98	1235.04	1127.32	791.662	841.328	761.752	1110	490.215	606.4	847.753	465.514	702.193	706.457	534.473	567.148	763.356	700.178	705.396	383.702	615.838	307.607	640.644	610.789	356.638	402.571	384.927	471.328	512.108	338.364	490.243	546.879	204.519	471.87	240.883	247.021	525.266	413.418	305.957	200.488	102.288	193.904	270.575	153.959	182.647	55.6842	166.792	211.832	141.437	120.29	0	120	120	FALSE	1	None	3	0.3	0.3	0.3	10.2268	9581.11	14.3301	673.17	0.9		Normal Scan	6.03333	7.52082	1000	36.2064	38.3612	36.6677	34.5989	1.33404	251221	
34	11/11/21	17:37:40						0	0	0	0	0	0	0	0	550.422	2750.72	10373.9	22047.1	35270.1	62584.8	98750	161104	265693	425796	628144	928592	1.29326e+006	1.76061e+006	2.32709e+006	3.02419e+006	3.93226e+006	5.14334e+006	6.81709e+006	8.94667e+006	1.14538e+007	1.46989e+007	2.03335e+007	2.72811e+007	3.47264e+007	4.16678e+007	4.91263e+007	5.65159e+007	6.36342e+007	6.99859e+007	7.52904e+007	7.91195e+007	8.27151e+007	8.48592e+007	8.64735e+007	8.72325e+007	8.60448e+007	8.48787e+007	8.20325e+007	7.79178e+007	7.39617e+007	6.93085e+007	6.39413e+007	5.80594e+007	5.22807e+007	4.52876e+007	3.97899e+007	3.44033e+007	2.96822e+007	2.52391e+007	2.13386e+007	1.82685e+007	1.5665e+007	1.34835e+007	1.14887e+007	8.64233e+006	6.97183e+006	5.82493e+006	4.81448e+006	4.05983e+006	3.35707e+006	2.80702e+006	2.33126e+006	1.95626e+006	1.58848e+006	1.3298e+006	1.09187e+006	901755	761563	628891	529068	444905	377979	330199	281188	246706	226693	204310	187737	174714	163140	153388	143582	136303	133604	127530	125798	122742	119502	119546	117919	114083	108599	116856	110730	113417	112050	117885	111077	120	120	FALSE	1	None	3	0.3	0.3	0.3	10.2268	9581.11	14.3301	673.17	0.9		Normal Scan	6.03333	7.52082	1000	70.3071	75.8844	71.6768	68.539	1.3826	2.93205e+007	
35	11/11/21	17:41:43						4609.46	7352.01	5548.74	4594.26	3719.48	3697.69	3906.77	3795.67	2470.84	4702.17	19734.5	80137.6	171727	359625	728512	1.21012e+006	1.77134e+006	2.51759e+006	3.50378e+006	4.77952e+006	6.30711e+006	8.38893e+006	1.10576e+007	1.39826e+007	1.80468e+007	2.29343e+007	2.62084e+007	3.15012e+007	3.65677e+007	4.20386e+007	4.87839e+007	5.61879e+007	6.3607e+007	6.992e+007	7.62508e+007	8.11178e+007	8.65002e+007	9.21015e+007	9.47032e+007	9.71351e+007	9.76244e+007	9.74844e+007	9.78043e+007	9.55771e+007	9.27485e+007	8.96086e+007	8.62922e+007	8.13183e+007	7.53228e+007	7.01178e+007	6.4786e+007	5.78784e+007	5.22832e+007	4.56753e+007	3.93687e+007	3.33594e+007	2.81747e+007	2.3063e+007	1.96024e+007	1.67354e+007	1.4327e+007	1.20925e+007	8.6265e+006	7.10279e+006	5.87576e+006	4.83659e+006	4.01021e+006	3.34878e+006	2.81725e+006	2.38614e+006	2.04304e+006	1.7584e+006	1.50259e+006	1.31268e+006	1.14192e+006	998972	879385	758483	661094	583144	509406	439422	394486	352650	307989	266385	244348	221379	199761	182561	171074	158818	149473	135816	132895	127003	126213	118720	120269	117608	117415	118154	116738	113133	108577	118570	114415	120	120	FALSE	1	None	3	0.3	0.3	0.3	10.2268	9581.11	14.3301	673.17	0.9		Normal Scan	6.03333	7.52082	1000	64.4593	69.6794	65.2141	66.1169	1.42111	3.66515e+007	
36	11/11/21	17:45:43						6273.47	5952.36	6842.52	5221.96	4427.88	5167.78	4237.33	4653.22	3538.62	4494.76	20345.6	86185.2	205939	397517	709771	1.17028e+006	1.76091e+006	2.47621e+006	3.48697e+006	4.8148e+006	6.59696e+006	8.74035e+006	1.11637e+007	1.40219e+007	1.83124e+007	2.31592e+007	2.66275e+007	3.1217e+007	3.6471e+007	4.33153e+007	5.01081e+007	5.67956e+007	6.35732e+007	6.96669e+007	7.64174e+007	8.10674e+007	8.60647e+007	9.06931e+007	9.36327e+007	9.47759e+007	9.70362e+007	9.69141e+007	9.69395e+007	9.61226e+007	9.38665e+007	9.0595e+007	8.68549e+007	8.27509e+007	7.7157e+007	7.17243e+007	6.5549e+007	5.95718e+007	5.25526e+007	4.56705e+007	3.98075e+007	3.37798e+007	2.83416e+007	2.36337e+007	2.00041e+007	1.69257e+007	1.39616e+007	1.19735e+007	8.52202e+006	7.05455e+006	5.8061e+006	4.80056e+006	3.97629e+006	3.28905e+006	2.7676e+006	2.32807e+006	2.00135e+006	1.73102e+006	1.4901e+006	1.30058e+006	1.13318e+006	998366	858553	747353	658346	581461	494997	444023	389164	343254	307564	267614	245273	222292	199855	179762	165594	159017	147003	140601	136030	128140	123955	125152	119895	118604	119803	116959	116310	111186	113904	113049	112877	120	120	FALSE	1	None	3	0.3	0.3	0.3	10.2268	9581.11	14.3301	673.17	0.9		Normal Scan	6.03333	7.52082	1000	64.6116	69.7104	65.2443	61.5265	1.42153	3.67912e+007	
