Sample File	C:\Users\Ramangroup\Desktop\KevinMeasurements\TSI-SMPS\20230529_SMPS3938_coatingsetuptest.S82	
AIM Version	10.3.3.1
Classifier Model	3082       	Classifier S/N	3082002406001   	Classifier Firmware Version	3.10
Neutralizer Model	3088	Neutralizer S/N	3088012202002
Impactor (cm)	None	Impactor S/N	
DMA Model	3081	DMA S/N	3081A2311003
DMA Inner Radius (cm)	0.937
DMA Outer Radius (cm)	1.961
DMA Characteristic Length (cm)	44.369
HV Polarity	NEG	
Detector Model	3775 Low Flow	Detector S/N	3775115103	 
Detector Sample Flow (L/min)	0.30	Detector Inlet Flow (L/min)	0.30
Reference Gas Viscosity (Pa*s)	1.832450e-005
Reference Mean Free Path (m)	6.730000e-008
Reference Gas Temperature (K)	296.15
Reference Gas Pressure (kPa)	101.30
Sutherland Constant (K)	110.40
Tube Length (cm)	24.50
Tube Diameter (cm)	0.48
Channels/Decade	64
Multiple Charge Correction	FALSE
Nanoparticle Agglomerate Mobility Analysis	FALSE
Diffusion Correction	TRUE
Units	dw/dlogDp
Weight	Number
Sample #	Date	Start Time	Sample Temp (C)	Sample Pressure (kPa)	Relative Humidity (%)	Mean Free Path (m)	Gas Viscosity (Pa*s)	Diameter Midpoint (nm)	 34.6	 35.9	 37.2	 38.5	 40.0	 41.4	 42.9	 44.5	 46.1	 47.8	 49.6	 51.4	 53.3	 55.2	 57.3	 59.4	 61.5	 63.8	 66.1	 68.5	 71.0	 73.7	 76.4	 79.1	 82.0	 85.1	 88.2	 91.4	 94.7	 98.2	101.8	105.5	109.4	113.4	117.6	121.9	126.3	131.0	135.8	140.7	145.9	151.2	156.8	162.5	168.5	174.7	181.1	187.7	194.6	201.7	209.1	216.7	224.7	232.9	241.4	250.3	259.5	269.0	278.8	289.0	299.6	310.6	322.0	333.8	346.0	358.7	371.8	385.4	399.5	414.2	429.4	445.1	461.4	478.3	495.8	514.0	532.8	552.3	572.5	593.5	615.3	637.8	661.2	685.4	710.5	736.5	Scan Time (s)	Retrace Time (s)	Scan Resolution (Hz)	Scans Per Sample	Sheath Flow (L/min)	Aerosol Flow (L/min)	Bypass Flow (L/min)	Low Voltage (V)	High Voltage (V)	Lower Size (nm)	Upper Size (nm)	Density (g/cmł)	td + 0.5 (s)	tf (s)	D50 (nm)	Neutralizer Status 	Median (nm)	Mean (nm)	Geo. Mean (nm)	Mode (nm)	Geo. Std. Dev.	Total Conc. (#/cmł)	Title	User Name	Sample ID	Instrument ID	Lab ID	Leak Test and Leakage Rate	Instrument Errors	Comment
1	5/29/2024	14:29:04	28.1	95.7	30.5	7.27996e-008	1.85670e-005		630.917	1147.134	797.325	1049.983	1143.007	1966.077	1949.035	1506.671	2480.456	1363.623	2650.293	2081.422	2421.036	1713.843	1912.467	2102.624	1970.826	2718.930	2567.943	2023.212	2249.663	2084.596	1948.226	2326.015	2187.663	2208.156	2075.884	2349.057	1833.521	2012.939	2309.218	2214.457	2443.770	2538.539	1482.113	2206.242	1854.919	2111.160	1623.136	1339.834	950.862	1144.630	1506.371	1286.260	1236.622	831.310	791.851	921.006	601.622	726.249	721.485	506.183	677.358	477.419	131.208	528.985	133.947	90.025	45.389	414.012	46.400	94.094	47.715	96.312	146.641	99.143	0.000	51.140	51.663	104.993	53.361	54.257	0.000	0.000	56.803	0.000	58.904	0.000	0.000	0.000	0.000	0.000	0.000	0.000	0.000	0.000	50	6	50	1	1.500	0.300	0.00	10.04	9880.28	 32.8	749.9	1.000	2.80	 13.8	1.00e+03	ON	82.399	97.496	84.955	63.780	1.664	1.441877e+003		Ramangroup					Normal Scan	
2	5/29/2024	14:39:17	28.3	95.0	30.2	7.33978e-008	1.85764e-005		0.000	0.000	0.000	0.000	0.000	0.000	70.578	0.000	0.000	63.971	0.000	60.637	0.000	0.000	0.000	54.668	0.000	52.246	0.000	0.000	0.000	0.000	0.000	0.000	45.938	0.000	0.000	44.259	86.584	0.754	0.000	0.000	42.228	0.000	41.746	0.000	41.299	0.000	41.052	0.000	0.000	40.895	0.000	40.867	0.000	0.000	0.000	41.411	41.513	41.805	0.000	0.000	0.000	0.000	0.000	0.000	0.000	0.000	0.000	0.000	0.000	0.000	0.000	0.000	0.000	0.000	0.000	0.000	0.000	0.000	0.000	0.000	0.000	0.000	0.000	0.000	0.000	0.000	0.000	0.000	0.000	0.000	0.000	0.000	0.000	0.000	50	6	50	1	1.500	0.300	0.00	10.85	9787.17	 34.0	749.9	1.000	2.80	 13.8	1.00e+03	ON	94.408	104.761	92.722	94.746	1.652	1.331956e+001		Ramangroup					Normal Scan	
3	5/29/2024	15:32:07	29.0	95.3	23.0	7.33822e-008	1.86095e-005		46189.977	69871.860	143945.247	268656.324	475755.732	691161.777	864253.136	878712.813	816960.108	674748.361	491663.236	358684.440	244099.564	179933.504	131887.926	106408.911	84402.955	65842.748	48688.340	33347.797	24698.208	18393.646	11600.485	8223.635	5987.188	3869.519	2294.146	1931.399	1397.330	822.927	257.580	255.435	168.910	209.469	167.005	207.156	82.598	82.345	41.052	0.000	40.826	0.000	81.585	0.000	0.000	0.000	41.133	0.000	0.000	41.804	0.000	0.000	0.000	0.000	86.377	0.000	0.000	44.448	0.000	0.000	0.000	0.000	0.000	0.000	48.250	48.973	49.721	0.000	0.000	0.000	0.000	0.000	108.984	0.000	56.087	0.000	0.000	0.000	0.000	0.000	0.000	0.000	0.000	0.000	0.000	0.000	50	6	50	1	1.500	0.300	0.00	10.87	9804.81	 34.0	749.9	1.000	2.80	 13.8	1.00e+03	ON	45.213	46.558	46.088	44.508	1.147	1.055711e+005		Ramangroup					Normal Scan	
4	5/29/2024	15:33:50	29.0	95.3	22.3	7.33822e-008	1.86095e-005		45377.513	69540.795	133539.833	283311.790	509834.845	716192.695	865254.368	885662.547	812013.186	645928.878	484128.356	332531.377	233748.308	169174.970	122270.263	96654.338	79186.180	61018.464	48521.255	33109.093	25705.674	17106.540	11739.598	8571.019	6098.563	3208.396	2050.402	1569.548	1543.320	780.256	600.997	298.011	179.587	156.991	83.496	41.431	82.598	82.345	205.275	122.808	0.000	40.894	122.378	0.000	0.000	0.000	0.000	0.000	0.000	0.000	25.314	101.163	0.000	0.000	43.188	43.529	0.000	0.000	134.459	0.934	44.876	46.456	0.000	0.000	0.000	0.000	0.000	50.496	51.013	76.225	27.898	0.000	0.000	0.000	0.000	57.104	0.000	0.000	0.000	0.000	0.000	0.000	0.000	0.000	0.000	0.000	50	6	50	1	1.500	0.300	0.00	10.87	9804.81	 34.0	749.9	1.000	2.80	 13.8	1.00e+03	ON	45.043	46.396	45.927	44.508	1.147	1.048139e+005		Ramangroup					Normal Scan	
5	5/29/2024	15:36:29	29.0	95.3	21.4	7.33822e-008	1.86095e-005		5051.404	5367.758	10857.968	18303.445	30940.557	47782.317	54900.749	64278.493	58339.285	48782.860	39863.113	40414.929	53550.074	81024.538	116273.073	148114.974	178113.410	181970.449	158225.181	124518.065	94896.042	65337.806	50340.507	32350.709	23888.870	16602.625	12265.628	8777.927	6196.952	4695.982	3611.482	3033.256	1880.355	1120.658	778.910	891.225	428.606	709.963	214.046	204.681	81.651	286.270	81.585	81.741	122.860	0.000	0.000	0.000	41.512	0.000	0.000	0.000	0.000	0.000	0.000	0.000	0.000	0.000	0.000	0.000	0.000	0.000	47.116	0.000	0.000	0.000	0.000	0.000	0.000	0.000	0.000	0.000	0.000	0.000	0.000	0.000	0.000	0.000	0.000	61.184	0.000	0.000	0.000	0.000	0.000	0.000	50	6	50	1	1.500	0.300	0.00	10.87	9804.81	 34.0	749.9	1.000	2.80	 13.8	1.00e+03	ON	61.359	60.798	59.552	63.780	1.226	2.805786e+004		Ramangroup					Normal Scan	
6	5/29/2024	15:38:57	29.0	95.3	20.6	7.33822e-008	1.86095e-005		325.730	1214.502	4445.667	8737.395	13498.941	15784.535	22041.883	18922.395	19082.701	14109.376	14637.518	22562.425	39187.787	70260.937	118212.670	155964.028	178143.253	181159.618	166433.423	139827.149	103439.301	74698.085	50167.389	33507.886	24588.519	16833.108	12162.028	9290.331	6256.304	4469.208	4072.607	2527.818	1959.407	1351.634	1237.454	718.618	619.529	402.932	296.149	245.635	204.136	55.489	67.027	81.741	40.953	82.081	82.265	0.000	83.024	41.804	0.000	0.000	0.000	0.000	86.377	0.000	0.000	0.000	0.000	0.000	0.000	46.456	0.000	0.000	0.000	0.000	0.000	0.000	0.000	0.000	0.000	53.574	0.000	0.000	56.087	0.000	0.000	0.000	0.000	0.000	0.000	0.000	0.000	0.000	66.885	0.000	50	6	50	1	1.500	0.300	0.00	10.87	9804.81	 34.0	749.9	1.000	2.80	 13.8	1.00e+03	ON	63.415	64.046	63.082	63.780	1.188	2.428818e+004		Ramangroup					Normal Scan	
7	5/29/2024	15:41:52	29.1	95.3	19.8	7.34130e-008	1.86143e-005		597.519	2121.705	5773.573	8676.549	13352.478	17895.410	20078.745	20409.111	20889.970	16113.105	18370.784	27955.425	62875.270	141277.070	223733.275	312334.372	376473.462	401058.884	372426.132	310948.631	232359.034	174942.577	126191.902	83839.814	53764.365	37435.574	26431.382	17539.898	11569.729	9050.183	5950.565	4490.503	3461.943	2833.055	1306.156	906.414	676.466	472.571	451.609	409.402	244.981	327.222	122.388	0.000	0.000	82.088	82.271	82.827	41.515	0.000	0.000	0.000	0.000	0.000	6.400	37.081	0.000	44.452	0.000	0.000	0.000	46.459	0.000	0.000	0.000	0.000	0.000	50.500	0.000	0.000	0.000	53.577	0.000	55.449	0.000	0.000	0.000	0.000	0.000	0.000	0.000	0.000	0.000	65.948	66.889	0.000	50	6	50	1	1.500	0.300	0.00	10.87	9806.93	 34.0	749.9	1.000	2.80	 13.8	1.00e+03	OFF	64.345	65.260	64.497	63.780	1.163	4.951335e+004		Ramangroup					Neutralizer not active	
8	5/29/2024	15:49:41	29.2	95.3	17.8	7.34438e-008	1.86190e-005		17905.838	77524.964	224714.369	570878.843	1204729.614	1946759.898	2608375.223	3003436.981	3098708.690	2861614.521	2434300.306	1915684.974	1434982.050	1069127.411	815421.946	644639.432	521848.094	421447.891	348466.709	272060.482	203653.789	149858.498	102683.127	70137.321	47337.278	31873.379	22597.986	15120.995	9394.129	7939.916	5861.391	4164.071	2713.689	1915.072	1507.250	839.207	1228.921	576.529	322.418	374.531	408.347	122.703	163.196	163.508	122.879	205.243	41.139	0.000	166.073	83.620	125.764	168.907	42.541	42.863	172.778	0.000	132.278	44.455	134.478	45.430	0.000	46.463	0.000	47.558	48.256	97.959	49.728	151.510	51.020	0.000	0.000	53.581	0.000	110.905	168.284	0.000	0.000	0.000	0.000	0.000	62.420	24.960	39.273	86.329	113.119	60.862	50	6	50	1	1.500	0.300	0.00	10.87	9809.04	 34.0	749.9	1.000	2.80	 13.8	1.00e+03	OFF	47.185	48.978	48.380	46.138	1.163	4.090051e+005		Ramangroup					Neutralizer not active	
9	5/29/2024	15:51:07	29.2	95.3	17.5	7.34438e-008	1.86190e-005		186429.270	529454.690	1230328.845	2246567.659	3701626.835	5073455.277	5947071.447	5986433.076	5361720.776	4273586.002	3083675.752	2092468.127	1344863.227	825795.460	533129.941	342026.795	219560.488	139665.084	93777.784	63207.310	42010.395	26161.813	18313.024	12623.355	9066.623	6034.551	4018.292	2823.578	2127.521	1259.927	1057.694	739.512	295.644	418.056	360.722	678.966	82.611	154.291	174.628	40.943	245.000	122.703	163.196	81.754	40.960	82.094	82.277	82.833	83.037	41.810	41.921	0.000	212.704	0.000	86.389	130.604	0.000	88.909	44.826	45.430	137.473	92.925	47.123	0.000	0.000	48.384	100.061	0.000	153.060	51.843	0.000	107.161	54.499	55.453	207.116	74.688	116.338	0.000	60.415	61.192	124.840	0.000	0.000	0.000	66.893	68.378	50	6	50	1	1.500	0.300	0.00	10.87	9809.04	 34.0	749.9	1.000	2.80	 13.8	1.00e+03	OFF	44.468	45.198	44.884	44.508	1.121	6.782280e+005		Ramangroup					Neutralizer not active	
10	5/29/2024	15:55:08	29.2	95.3	16.6	7.34438e-008	1.86190e-005		2256.646	5052.197	12707.751	22722.375	40089.005	54883.706	74069.183	80252.844	70705.012	61169.888	45518.706	36301.160	22127.337	14237.670	11769.307	7657.238	4859.411	4434.073	6036.628	12769.435	22337.234	43066.512	64785.470	87971.579	112699.510	112526.393	112372.963	102123.020	79380.241	64826.246	46644.235	37426.411	25979.635	18207.928	12858.623	8868.670	6696.759	4560.736	3976.862	2378.408	1782.467	1146.884	960.110	833.190	522.995	473.670	265.794	165.666	200.778	215.932	125.764	84.454	212.704	106.601	151.743	43.535	44.093	0.000	0.000	0.000	0.000	46.463	0.000	0.000	0.000	0.000	49.728	50.503	0.000	0.000	0.000	49.242	4.413	0.000	0.000	0.000	0.000	0.000	0.000	0.000	0.000	0.000	0.000	0.000	0.000	0.000	50	6	50	1	1.500	0.300	0.00	10.87	9809.04	 34.0	749.9	1.000	2.80	 13.8	1.00e+03	OFF	79.809	73.991	69.810	82.047	1.417	2.448193e+004		Ramangroup					Neutralizer not active	
11	5/29/2024	15:59:38	29.2	95.3	15.8	7.34438e-008	1.86190e-005		0.000	0.000	0.000	78.662	0.000	73.256	70.600	136.243	0.000	575.903	1094.512	1442.997	2646.085	4009.479	3066.994	4140.538	4040.347	3958.352	2708.714	3782.319	5450.790	8192.451	13194.511	17917.476	21062.747	23462.731	25079.612	21712.489	18345.671	14473.181	10866.857	7220.940	5945.090	3551.330	3058.733	1990.183	1745.494	1080.741	778.436	831.002	597.886	464.594	524.330	383.501	277.201	369.439	246.841	82.833	311.729	355.095	107.993	89.968	140.100	128.590	172.783	130.604	174.495	46.346	96.151	84.273	0.000	0.000	47.123	0.000	0.000	0.000	0.000	50.503	0.000	0.000	0.000	0.000	0.000	0.000	0.000	0.000	58.169	0.000	0.000	0.000	0.000	0.000	0.000	0.000	0.000	0.000	50	6	50	1	1.500	0.300	0.00	10.87	9809.04	 34.0	749.9	1.000	2.80	 13.8	1.00e+03	ON	86.643	88.398	86.099	88.168	1.248	3.792594e+003		Ramangroup					Normal Scan	
12	5/29/2024	16:04:40	29.2	95.3	15.0	7.34438e-008	1.86190e-005		0.000	0.000	0.000	0.000	0.000	0.000	0.000	0.000	0.000	0.000	0.000	0.000	0.000	0.000	0.000	0.000	53.440	0.000	0.000	0.000	0.000	0.000	95.070	0.000	45.947	26.448	108.422	44.267	43.680	86.602	85.869	85.158	515.781	408.202	628.259	414.397	371.793	442.550	449.963	577.846	753.979	1064.999	1233.629	1898.950	2168.219	2447.586	2795.033	2351.507	1977.046	1524.187	1102.231	681.178	608.066	214.325	388.765	261.208	262.680	1.892	89.652	0.000	45.824	46.463	94.245	0.000	48.256	0.000	0.000	0.000	0.000	0.000	0.000	0.000	0.000	0.000	0.000	0.000	0.000	0.000	0.000	0.000	0.000	0.000	0.000	0.000	0.000	0.000	50	6	50	1	1.500	0.300	0.00	10.87	9809.04	 34.0	749.9	1.000	2.80	 13.8	1.00e+03	OFF	175.856	174.549	170.605	181.056	1.245	4.147440e+002		Ramangroup					Neutralizer not active	
13	5/29/2024	16:06:33	29.3	95.3	14.7	7.34746e-008	1.86237e-005		0.000	0.000	0.000	0.000	0.000	0.000	0.000	0.000	0.000	0.000	0.000	0.000	58.810	0.000	0.000	0.000	0.000	0.000	0.000	0.000	0.000	16.012	31.770	0.000	45.951	45.303	230.063	171.492	87.368	86.610	171.753	170.332	464.632	125.713	317.182	265.411	413.099	235.867	11.203	196.514	49.028	204.525	598.423	504.250	245.777	431.974	655.102	570.211	350.020	725.857	209.622	198.200	98.133	257.199	172.791	87.076	264.575	222.298	268.979	227.173	229.137	325.275	125.205	254.141	144.789	48.158	100.300	50.507	51.023	103.692	0.000	53.584	0.000	0.000	0.000	0.000	0.000	0.000	0.000	61.196	62.424	63.705	0.000	0.000	0.000	0.000	50	6	50	1	1.500	0.300	0.00	10.87	9811.16	 34.0	749.9	1.000	2.80	 13.8	1.00e+03	ON	181.841	201.018	182.968	201.691	1.533	1.743662e+002		Ramangroup					Normal Scan	
14	5/29/2024	16:08:03	29.3	95.3	14.5	7.34746e-008	1.86237e-005		0.000	0.000	0.000	0.000	0.000	0.000	0.000	0.000	0.000	0.000	0.000	60.661	0.000	0.000	0.000	0.000	0.000	0.000	0.000	100.117	49.262	0.000	156.018	220.989	496.414	532.890	653.536	702.763	1089.227	1100.424	1556.721	2906.206	5354.566	7967.110	11137.453	13238.810	16286.855	14619.681	12949.815	11741.134	10879.035	8335.121	6287.886	5119.810	4136.423	2593.668	2155.645	1508.857	1462.445	1155.421	617.554	549.022	751.568	592.042	767.900	756.095	766.590	494.396	903.441	805.277	366.807	232.334	282.755	281.127	342.129	586.186	498.995	252.534	308.351	153.292	210.803	160.753	109.005	55.456	56.098	22.111	93.825	59.273	181.256	0.000	0.000	0.000	90.014	105.935	0.000	0.000	50	6	50	1	1.500	0.300	0.00	10.87	9811.16	 34.0	749.9	1.000	2.80	 13.8	1.00e+03	ON	133.666	147.068	140.829	126.346	1.306	2.468873e+003		Ramangroup					Normal Scan	
15	5/29/2024	16:12:16	29.3	95.3	14.0	7.34746e-008	1.86237e-005		0.000	0.000	0.000	0.000	0.000	0.000	0.000	0.000	66.190	0.000	124.566	142.660	219.051	381.988	1507.303	1954.269	3126.835	3926.360	5669.342	8782.535	12358.475	15118.354	23593.751	28270.773	34521.578	32300.946	35494.261	28843.468	35431.464	51169.223	85743.230	143147.043	225863.595	315981.225	388389.730	440249.460	444411.546	427340.040	372158.296	304629.766	241949.653	189161.768	132434.079	101395.260	73871.118	55309.467	40253.677	29484.112	24170.806	16856.137	11221.086	8927.284	7221.233	5643.657	4131.429	3325.020	2820.313	1581.666	2186.976	1311.325	1334.097	1075.749	820.144	539.523	435.250	439.119	190.157	438.688	434.077	51.846	0.000	214.337	163.533	110.912	112.197	57.115	116.345	118.546	120.838	61.196	124.849	63.705	64.579	0.000	0.000	0.000	50	6	50	1	1.500	0.300	0.00	10.87	9811.16	 34.0	749.9	1.000	2.80	 13.8	1.00e+03	OFF	127.114	129.685	127.285	126.346	1.211	6.923844e+004		Ramangroup					Neutralizer not active	
16	5/29/2024	16:16:05	29.3	94.7	13.5	7.39401e-008	1.86237e-005		0.000	0.000	0.000	78.843	151.598	0.000	0.000	0.000	0.000	64.115	87.456	36.359	52.468	6.284	0.000	0.000	0.000	104.688	153.638	0.000	0.000	48.339	142.820	180.943	6.542	103.121	527.001	398.977	1356.100	1630.639	4616.201	9005.694	15987.038	33064.665	68736.187	125126.725	218496.873	318446.682	430245.515	521298.750	577237.494	581558.069	553422.547	494973.401	401565.277	326356.666	246817.413	189882.035	140029.955	107498.681	83684.165	61211.112	47470.186	33774.492	27978.399	20484.253	16820.093	13745.186	8871.818	8378.803	5967.542	5707.759	4197.362	3505.646	1964.098	2041.118	1253.892	1083.961	1062.500	883.224	746.387	736.923	657.289	392.240	280.780	343.029	522.027	298.735	231.699	323.578	242.861	63.767	193.930	132.047	66.962	68.449	50	6	50	1	1.500	0.300	0.00	10.79	9805.51	 34.0	749.9	1.000	2.80	 13.8	1.00e+03	OFF	153.582	159.155	156.688	151.247	1.186	8.945128e+004		Ramangroup					Neutralizer not active	
17	5/29/2024	16:19:09	29.3	94.6	13.2	7.40182e-008	1.86237e-005		56.457	31.380	0.000	0.000	0.000	0.000	0.000	47.565	20.127	0.000	0.000	60.784	117.853	373.896	252.159	525.475	1414.114	3202.613	4125.210	9471.217	13404.339	17997.792	22209.779	31966.860	41172.824	57178.863	76607.127	97846.621	109536.685	119882.341	118129.060	112476.459	102225.380	87548.378	86574.352	104411.835	140104.799	179854.948	233758.279	280641.805	307228.051	323591.132	313677.483	274832.116	238737.355	187301.602	146876.886	117789.497	84958.445	66886.688	54809.906	41247.992	32221.758	25445.534	17903.664	15270.283	13217.968	8928.610	7284.144	5892.182	4329.119	4227.049	2911.755	2444.993	1808.703	2307.743	1435.744	1118.683	1232.866	1103.179	726.194	536.486	491.102	555.213	430.896	590.631	463.784	298.887	0.000	245.065	62.495	0.000	129.304	132.062	76.415	127.268	50	6	50	1	1.500	0.300	0.00	10.78	9804.56	 34.0	749.9	1.000	2.80	 13.8	1.00e+03	ON	145.535	145.487	140.196	151.247	1.313	6.820491e+004		Ramangroup					Normal Scan	
18	5/29/2024	16:37:48	29.2	95.4	11.6	7.33668e-008	1.86190e-005		178.285	169.694	327.590	707.703	825.457	1216.883	2079.738	1838.756	2658.900	3794.991	4066.435	6196.374	8057.495	8692.327	7869.164	8242.437	5792.559	5424.663	5072.549	7813.036	12200.602	14840.712	21122.241	26064.942	24774.259	23534.449	20417.358	15045.527	12117.037	9387.670	8081.921	6833.640	6275.586	4329.001	3587.926	2978.790	3235.921	2699.905	3146.864	2172.309	2584.380	2687.812	2856.927	2058.150	3243.961	2386.611	2544.703	2194.596	1935.668	2036.178	2133.825	1762.402	1410.858	1562.784	1666.453	906.938	1011.029	1336.660	948.732	996.252	1036.895	908.303	680.274	584.130	772.004	636.666	348.079	302.975	359.872	411.847	408.895	441.405	216.066	112.814	280.428	285.511	231.257	179.185	60.405	61.182	187.230	0.000	89.978	39.985	0.000	68.367	50	6	50	1	1.500	0.300	0.00	10.88	9809.97	 34.0	749.9	1.000	2.80	 13.8	1.00e+03	ON	83.001	100.878	89.542	79.148	1.554	5.481881e+003		Ramangroup					Normal Scan	
19	5/29/2024	16:40:36	29.3	95.4	11.4	7.33975e-008	1.86237e-005		89.158	84.861	163.822	629.200	529.312	1081.149	1358.122	1275.036	1860.029	2648.239	4017.444	5577.338	5560.542	7004.535	7088.631	6482.818	5161.512	4778.343	4017.800	6380.434	7716.949	13756.431	20047.447	22022.190	22476.045	20316.550	15604.887	12690.077	9419.453	6798.808	5940.125	4997.748	3740.709	3606.493	3767.475	3290.519	3116.758	2779.398	3612.796	2621.189	2768.966	3669.264	3309.457	3675.222	3540.875	3732.880	4200.516	4196.554	3896.321	4979.149	4334.923	3990.113	4325.178	3855.758	2574.499	3976.544	3793.862	3083.179	3319.064	2578.480	3317.158	3291.795	2973.660	2588.186	1900.607	2832.276	2700.420	1931.076	1668.591	1669.492	1455.776	1655.147	981.277	878.679	500.396	839.224	733.538	441.934	697.362	367.131	312.071	318.476	348.261	303.765	66.887	341.872	50	6	50	1	1.500	0.300	0.00	10.88	9812.09	 34.0	749.9	1.000	2.80	 13.8	1.00e+03	OFF	88.519	137.518	111.363	82.047	1.834	5.672285e+003		Ramangroup					Neutralizer not active	
20	5/29/2024	17:18:49	29.4	95.3	9.6	7.35054e-008	1.86285e-005		0.000	0.000	0.000	0.000	75.645	0.000	0.000	0.000	0.000	0.000	0.000	0.000	0.000	0.000	0.000	0.000	0.000	0.000	0.000	0.000	0.000	48.275	47.545	93.692	0.000	90.616	314.177	88.550	305.833	86.618	257.656	85.173	84.484	0.000	208.810	131.425	240.811	41.186	82.130	0.000	81.677	81.815	81.611	81.766	81.936	82.106	41.145	41.423	83.049	52.544	156.953	42.233	170.192	128.609	302.414	174.168	438.250	180.635	364.375	855.889	675.143	629.846	834.397	901.597	1501.610	1859.018	2171.283	2721.213	2948.951	3039.058	2565.252	3756.338	3444.212	5641.026	7002.117	12301.315	19225.334	28700.348	42468.867	55649.013	71777.443	81907.900	91503.804	91295.199	91270.652	86530.581	50	6	50	1	1.500	0.300	0.00	10.87	9813.28	 34.0	749.9	1.000	2.80	 13.8	1.00e+03	OFF	649.886	634.825	626.212	661.169	1.204	1.122073e+004		Ramangroup					Neutralizer not active	
21	5/29/2024	17:21:33	29.4	95.4	9.5	7.34283e-008	1.86285e-005		0.000	0.000	0.000	0.000	75.627	73.253	0.000	0.000	0.000	46.624	16.898	0.000	0.000	0.000	111.968	0.000	0.000	104.512	0.000	0.000	49.255	48.264	47.533	0.000	45.945	45.298	89.745	44.265	87.357	173.199	85.866	127.733	0.000	0.000	83.507	165.751	123.913	195.871	373.863	292.221	571.646	586.103	1204.899	1292.762	1777.991	2490.516	2872.184	3204.860	4292.702	5730.807	6244.208	6045.307	7416.350	8332.469	7897.626	8825.723	10809.812	10534.507	10516.596	11985.807	11027.568	10378.897	10186.410	11957.065	12733.659	14147.380	12535.400	13015.451	11328.835	13278.813	11129.401	9591.484	8140.690	8074.286	6525.759	6642.988	7861.328	8495.803	9028.663	10168.842	14186.735	14177.393	14288.500	16702.179	13452.147	13777.099	50	6	50	1	1.500	0.300	0.00	10.88	9814.21	 34.0	749.9	1.000	2.80	 13.8	1.00e+03	ON	384.878	421.122	387.231	685.390	1.522	6.374596e+003		Ramangroup					Normal Scan	
22	5/29/2024	17:37:52	29.4	95.6	14.2	7.32747e-008	1.86285e-005		133984.018	119161.330	112818.414	96513.194	88553.955	71259.069	63568.171	53136.147	50928.027	41479.263	39330.339	28418.309	24918.861	21225.728	18752.618	13977.186	11806.710	10681.315	6827.415	5906.242	4512.238	3420.967	3540.788	2743.514	1884.302	1841.512	2503.991	3068.670	4524.453	6138.983	6719.671	5878.284	5372.333	7621.848	11536.699	16720.741	22043.074	21598.805	20416.812	14647.551	10283.788	6972.650	6501.991	6975.262	8954.132	15825.431	25156.523	39331.562	46476.392	50052.047	46586.032	35936.023	24155.425	18164.851	13660.953	11327.288	10277.701	8028.218	6301.010	5588.503	4530.234	3228.614	2318.081	1816.294	1698.683	1318.257	1034.385	1019.797	712.373	518.260	316.071	214.246	161.808	334.271	112.149	285.455	232.598	177.750	171.321	200.614	179.936	127.357	0.000	0.000	66.870	0.000	50	6	50	1	1.500	0.300	0.00	10.90	9816.07	 34.0	749.9	1.000	2.80	 13.8	1.00e+03	ON	47.346	94.717	70.626	34.599	2.084	2.495801e+004		Ramangroup					Normal Scan	
23	5/29/2024	17:39:52	29.5	95.6	15.2	7.33054e-008	1.86332e-005		115966.818	103573.112	90926.451	81261.525	71682.678	59904.022	57822.792	45304.996	40056.049	35680.146	27664.894	24540.931	18747.845	16117.699	12731.660	11496.305	9526.215	7296.990	5774.037	4784.564	3072.397	3122.006	1855.789	2356.556	2240.012	2189.061	1776.339	2763.989	3530.304	5279.501	5724.221	5086.937	4827.989	6174.283	8112.931	14134.060	15222.735	16355.409	14095.815	9947.331	8138.064	5705.391	4234.062	4130.098	5436.516	7305.524	12388.639	17083.160	18318.096	21462.116	21248.903	16615.848	11169.563	9315.185	7011.549	5902.668	4893.333	3631.371	2773.210	2115.380	1666.033	1676.959	1291.607	755.248	975.042	827.826	389.250	539.390	228.877	259.142	210.727	267.825	161.732	168.057	56.078	114.190	232.608	177.756	60.397	61.175	124.804	63.683	0.000	131.866	66.874	0.000	50	6	50	1	1.500	0.300	0.00	10.90	9818.19	 34.0	749.9	1.000	2.80	 13.8	1.00e+03	OFF	43.825	79.156	60.957	34.599	1.934	1.825177e+004		Ramangroup					Neutralizer not active	
